PARI_VERSION=[2, 17, 4]
E_DISC=327680
E0_DISC=327680
EHAT_DISC=26214400
Q_DISC=327680
Q_MODEL=[0, 24, 0, 160, 320]
E_RANK=[0, 0, 0, []]
E0_RANK=[0, 0, 0, []]
EHAT_RANK=[0, 0, 0, []]
Q_RANK=[0, 0, 0, []]
E_TORS=[4, [4], [[0, 8]]]
E0_TORS=[4, [4], [[-4, 8]]]
EHAT_TORS=[4, [2, 2], [[20, 0], [0, 0]]]
Q_TORS=[4, [4], [[-8, 8]]]
E_ONCURVE=1
E_2P=[4, 0]
E_4P=[0]
E0_MAP_POINT=1
E0_2P=[0, 0]
E0_4P=[0]
E_GLOBALRED=[40, [2, 0, 0, 0], 2, [2, 3; 5, 1], [[3, 3, 0, 2], [1, 5, 0, 1]]]
E_2_ISO_CLASS=[[[-32, 64], [-112, -384], [208, -2176], [-1712, -27264]], [1, 2, 4, 4; 2, 1, 2, 2; 4, 2, 1, 4; 4, 2, 4, 1]]
